0 0.11213333333333333 0.740654761904762 0.1303 0.38285714285714284
1 0.236 0.8414285714285715 0.1068333333333333 0.15422619047619063
1 0.24280000000000002 0.6114880952380952 0.11286666666666668 0.2705357142857144
1 0.3556666666666667 0.5201785714285714 0.1401666666666666 0.33684523809523814
0 0.40606666666666663 0.8258928571428571 0.19546666666666662 0.22863095238095227
1 0.5628666666666667 0.88 0.09696666666666659 0.10684523809523802
0 0.6825666666666667 0.8854166666666666 0.13183333333333336 0.1799404761904763
1 0.4977333333333333 0.47482142857142856 0.11969999999999989 0.5086309523809525
1 0.6227333333333334 0.5519642857142857 0.11816666666666663 0.4653571428571428
1 0.725 0.6127976190476191 0.11060000000000002 0.3544642857142856
0 0.8716 0.7413690476190476 0.18559999999999993 0.40857142857142864